A_gp=2.0932575747022857
A_theta=3.089592444534238
A_v=3.3810358654918735
B_safety=3.988608609552601
C_base=13.584593293918232
K_g=6.649830376727672