A_gp=3.791310167440371
A_theta=4.446112447908829
A_v=4.7505116240125576
B_safety=3.877888321780633
C_base=13.55295301146677
K_g=6.6705415539749
