A_gp=3.5411088007000284
A_theta=1.176563522353645
A_v=4.796654829799902
B_safety=3.8414050806778333
C_base=13.541027439424639
K_g=9.876439050136206
K_p=1.7858739691608618