W_d=0.7827558037780229
W_dps=1.214929370287617
W_dpv=1.0441523149792058
W_dpvs=1.1963262082458104
W_dvs=1.028267250268658
W_p=0.43958708001660307
W_pvs=0.6371540301797814
W_s=0.5095589041421643
W_v=2.7385242041325735
Y_base=0.14452242161011794
tau_d=0.9610052291453531
tau_p=0.7873542793524644
tau_s=0.7912810692350525
tau_v=0.8894485409283491
