C_base=9.753198042323167
K_g=10.881297973768632
A_theta=5
A_gp=2.0
A_v=4.3
B_safety=3.8
