A_gp=4.0
A_theta=1.8789074708107931
A_v=3.614237437497564
B_safety=4.0
C_base=10.686741227348275
K_g=8.0
K_p=1.422413680058934