A_gp=2.3357273246141084
A_theta=4.678460849731229
A_v=4.411627055269589
B_safety=3.8912488509488146
K_g=6.112118
C_base=11.729177