A_gp=2.251066014107722
A_theta=3.1609734803264744
A_v=3.0002859370433623
B_safety=0.9209330290527359
C_base=7.3208030173540175
K_g=8.36935437907519
K_p=1.209772465030876
