A_gp=2.252163132973055
A_theta=4.628285795238272
A_v=4.424680868208455
B_safety=3.828077489162437
K_g=4.00493897
C_base=13.73100305