A_gp=1.224963017405465
A_ipa=1.3985440853709183
A_pp=2.950066579949716
A_theta=11.90522164789582
A_v=5.844552386514674
C_base=14.966792790891242
K_g=11.921821047619085
K_p=0.9763159840958847