A_gp=4.753198042323167
A_ipa=7.482920440979423
A_pp=1.001029373356104
A_theta=4.162829149475119
A_v=2.3208030173540175
C_base=6.83104735291918
K_g=8.745040845510683
K_p=0.9382242908172191
